[gd_scene load_steps=3 format=3 uid="uid://bed03v2s2owil"]

[ext_resource type="Material" uid="uid://cqlktr7j3dv74" path="res://Textures/Prototype.tres" id="2_50d1r"]
[ext_resource type="Material" uid="uid://btybdp5hrc10t" path="res://Textures/InteractablePrototype.tres" id="2_iublr"]

[node name="Node3D" type="Node3D"]
transform = Transform3D(1, 0, 0, 0, 1, 0, 0, 0, 1, 0, 0.00462532, 0)

[node name="EastHall" type="CSGCombiner3D" parent="."]
transform = Transform3D(1, 0, 0, 0, 1, 0, 0, 0, 1, 19.0647, 0, 0)

[node name="EastHallFloor" type="CSGBox3D" parent="EastHall"]
size = Vector3(4, 1, 20)
material = ExtResource("2_50d1r")

[node name="EastHallRoomA&B" type="CSGBox3D" parent="EastHall"]
transform = Transform3D(1, 0, 0, 0, 1, 0, 0, 0, 1, -5.5, 2, 3)
size = Vector3(7, 5, 14)
material = ExtResource("2_50d1r")

[node name="EastHallRoomSubA" type="CSGBox3D" parent="EastHall/EastHallRoomA&B"]
transform = Transform3D(1, 0, 0, 0, 1, 0, 0, 0, 1, 1, 1, 3.1323)
operation = 2
size = Vector3(7, 5, 5)
material = ExtResource("2_50d1r")

[node name="EastHallRoomSubB" type="CSGBox3D" parent="EastHall/EastHallRoomA&B"]
transform = Transform3D(1, 0, 0, 0, 1, 0, 0, 0, 1, 1, 1, -3.02308)
operation = 2
size = Vector3(7, 5, 5)
material = ExtResource("2_50d1r")

[node name="EastHallRoomA&B2" type="CSGBox3D" parent="EastHall"]
transform = Transform3D(-1, 0, -8.74228e-08, 0, 1, 0, 8.74228e-08, 0, -1, 5.5, 2, 3)
size = Vector3(7, 5, 14)
material = ExtResource("2_50d1r")

[node name="EastHallRoomSubA" type="CSGBox3D" parent="EastHall/EastHallRoomA&B2"]
transform = Transform3D(1, 0, 0, 0, 1, 0, 0, 0, 1, 1, 1, 3.1323)
operation = 2
size = Vector3(7, 5, 5)
material = ExtResource("2_50d1r")

[node name="EastHallRoomSubB" type="CSGBox3D" parent="EastHall/EastHallRoomA&B2"]
transform = Transform3D(1, 0, 0, 0, 1, 0, 0, 0, 1, 1, 1, -3.02308)
operation = 2
size = Vector3(7, 5, 5)
material = ExtResource("2_50d1r")

[node name="EastHallWall" type="CSGBox3D" parent="EastHall"]
transform = Transform3D(1, 0, 0, 0, 1, 0, 0, 0, 1, 0, 2, 9.48001)
size = Vector3(5, 5, 1)
material = ExtResource("2_50d1r")

[node name="LivingRoom" type="CSGCombiner3D" parent="."]

[node name="LivingRoomFloor" type="CSGBox3D" parent="LivingRoom"]
transform = Transform3D(1, 0, 0, 0, 1, 0, 0, 0, 1, 5, 2, -14.03)
size = Vector3(46, 4.96338, 21)
material = ExtResource("2_50d1r")

[node name="LivingRoomSub" type="CSGBox3D" parent="LivingRoom"]
transform = Transform3D(1, 0, 0, 0, 1, 0, 0, 0, 1, 4.912, 3, -14.5564)
operation = 2
size = Vector3(44.6316, 4.96338, 19.5927)
material = ExtResource("2_50d1r")

[node name="LivingRoomDoorSub" type="CSGBox3D" parent="LivingRoom"]
transform = Transform3D(1, 0, 0, 0, 1, 0, 0, 0, 1, 19.5673, 3, -4.47427)
operation = 2
size = Vector3(3.7514, 4.96338, 2.43588)
material = ExtResource("2_50d1r")

[node name="LivingRoomFrontDoor" type="CSGBox3D" parent="LivingRoom"]
transform = Transform3D(-4.37114e-08, 0, 1, 0, 1, 0, -1, 0, -4.37114e-08, -18.3139, 3, -14.9817)
size = Vector3(3.7514, 4.96338, 2.43588)
material = ExtResource("2_iublr")

[node name="SpiceRack1" type="CSGBox3D" parent="LivingRoom"]
transform = Transform3D(1, 0, 0, 0, 1, 0, 0, 0, 1, 27.1995, 3.31084, -19.9604)
size = Vector3(0.467896, 1, 2)
material = ExtResource("2_iublr")

[node name="SpiceRack2" type="CSGBox3D" parent="LivingRoom"]
transform = Transform3D(1, 0, 0, 0, 1, 0, 0, 0, 1, 27.1995, 3.31294, -10.2108)
size = Vector3(0.467896, 1, 2)
material = ExtResource("2_iublr")

[node name="Fireplace" type="CSGBox3D" parent="LivingRoom"]
transform = Transform3D(1, 0, 0, 0, 1, 0, 0, 0, 1, 26.8795, 1.7907, -14.8087)
size = Vector3(1.68311, 3, 5)
material = ExtResource("2_50d1r")

[node name="Fireplace_Stove" type="CSGBox3D" parent="LivingRoom/Fireplace"]
transform = Transform3D(1, 0, 0, 0, 1, 0, 0, 0, 1, -0.613224, -0.321014, 0)
size = Vector3(1.68311, 2.35797, 3)
material = ExtResource("2_iublr")

[node name="Inn3DContainer" type="CSGCombiner3D" parent="."]
transform = Transform3D(1, 0, 0, 0, 1, 0, 0, 0, 1, 0, 0, -107.351)

[node name="Inn" type="CSGBox3D" parent="Inn3DContainer"]
transform = Transform3D(1, 0, 0, 0, 1, 0, 0, 0, 1, -2.5, 14.5, 0)
size = Vector3(50, 30, 50)
material = ExtResource("2_50d1r")

[node name="InnSub" type="CSGBox3D" parent="Inn3DContainer/Inn"]
transform = Transform3D(1, 0, 0, 0, 1, 0, 0, 0, 1, -0.5, 1, 0.5)
operation = 2
size = Vector3(45, 28, 45)
material = ExtResource("2_50d1r")

[node name="Door" type="CSGBox3D" parent="Inn3DContainer/Inn"]
transform = Transform3D(-4.37114e-08, 1, -2.98023e-08, 0, -2.98023e-08, -1, -1, -7.35137e-08, 1.3027e-15, -22.8196, -11.079, 16.2825)
size = Vector3(5, 1, 4)
material = ExtResource("2_iublr")

[node name="Stairs2" type="CSGBox3D" parent="Inn3DContainer"]
transform = Transform3D(1, 2.98023e-08, 0, 0, 0.965926, -0.258819, 0, 0.258819, 0.965926, -23.4168, 4.32467, -14.4812)
size = Vector3(5, 1, 17)
material = ExtResource("2_50d1r")

[node name="Stairs" type="CSGBox3D" parent="Inn3DContainer"]
transform = Transform3D(-3.78552e-08, -0.5, -0.866025, -2.18557e-08, 0.866025, -0.5, 1, 0, -4.37114e-08, -14, 11, -20)
size = Vector3(4.62012, 1, 17)
material = ExtResource("2_50d1r")

[node name="Restaurant Container" type="CSGCombiner3D" parent="Inn3DContainer"]
transform = Transform3D(1, 2.98023e-08, 0, 0, 0.965926, -0.258819, 0, 0.258819, 0.965926, -23.4168, 4.32467, -14.4812)

[node name="Table" type="CSGBox3D" parent="Inn3DContainer/Restaurant Container"]
transform = Transform3D(1, 1.01545e-09, -7.71342e-09, 1.01549e-09, 0.965927, 0.258819, 7.71342e-09, -0.258819, 0.965927, 10.0427, -0.725969, 6.44135)
size = Vector3(4, 1, 4)
material = ExtResource("2_50d1r")

[node name="Table2" type="CSGBox3D" parent="Inn3DContainer/Restaurant Container"]
transform = Transform3D(1, 1.01545e-09, -7.71342e-09, 1.01549e-09, 0.965927, 0.258819, 7.71342e-09, -0.258819, 0.965927, 11.0656, 1.13473, 13.3856)
size = Vector3(4, 1, 4)
material = ExtResource("2_50d1r")

[node name="Table3" type="CSGBox3D" parent="Inn3DContainer/Restaurant Container"]
transform = Transform3D(1, 1.01545e-09, -7.71342e-09, 1.01549e-09, 0.965927, 0.258819, 7.71342e-09, -0.258819, 0.965927, 17.9618, -0.169193, 8.51927)
size = Vector3(4, 1, 4)
material = ExtResource("2_50d1r")

[node name="Table4" type="CSGBox3D" parent="Inn3DContainer/Restaurant Container"]
transform = Transform3D(1, 1.01545e-09, -7.71342e-09, 1.01549e-09, 0.965927, 0.258819, 7.71342e-09, -0.258819, 0.965927, 16.5753, 2.22209, 17.4437)
size = Vector3(4, 1, 4)
material = ExtResource("2_50d1r")

[node name="Table5" type="CSGBox3D" parent="Inn3DContainer/Restaurant Container"]
transform = Transform3D(1, 1.01545e-09, -7.71342e-09, 1.01549e-09, 0.965927, 0.258819, 7.71342e-09, -0.258819, 0.965927, 23.1662, 1.55268, 14.9454)
size = Vector3(4, 1, 4)
material = ExtResource("2_50d1r")

[node name="Table6" type="CSGBox3D" parent="Inn3DContainer/Restaurant Container"]
transform = Transform3D(1, 1.01545e-09, -7.71342e-09, 1.01549e-09, 0.965927, 0.258819, 7.71342e-09, -0.258819, 0.965927, 25.3879, -0.779844, 6.24029)
size = Vector3(4, 1, 4)
material = ExtResource("2_50d1r")

[node name="LongTable" type="CSGBox3D" parent="Inn3DContainer/Restaurant Container"]
transform = Transform3D(1, 1.01545e-09, -7.71342e-09, 1.01549e-09, 0.965927, 0.258819, 7.71342e-09, -0.258819, 0.965927, 13.0815, -3.03839, -2.18877)
size = Vector3(17, 1, 4)
material = ExtResource("2_50d1r")

[node name="Bar" type="CSGCombiner3D" parent="."]

[node name="LongTable2" type="CSGBox3D" parent="Bar"]
transform = Transform3D(-5.14248e-08, -5.96046e-08, -1, -1.01549e-09, 1, -5.96046e-08, 1, 2.98023e-08, -4.37114e-08, 5.43722, 2.45631, -92.612)
size = Vector3(17, 2, 2)
material = ExtResource("2_50d1r")

[node name="Backrooms" type="CSGBox3D" parent="Bar"]
transform = Transform3D(-5.14248e-08, -5.96046e-08, -1, -1.01549e-09, 1, -5.96046e-08, 1, 2.98023e-08, -4.37114e-08, 14.7086, 7.95631, -106.612)
size = Vector3(45, 13, 10)
material = ExtResource("2_50d1r")

[node name="2ndFloor" type="CSGCombiner3D" parent="."]

[node name="2ndFloor_Floor" type="CSGBox3D" parent="2ndFloor"]
transform = Transform3D(-5.14248e-08, -5.96046e-08, -1, -1.01549e-09, 1, -5.96046e-08, 1, 2.98023e-08, -4.37114e-08, 6.20859, 14.9563, -106.612)
size = Vector3(45, 1, 27)
material = ExtResource("2_50d1r")
